# oST version 5.0 parameters

[image]

width
640

height
480

[usbwideangle]

camera matrix
204.518486 0.000000 307.582482
0.000000 204.698805 230.082980
0.000000 0.000000 1.000000

distortion
0.036071 -0.025472 -0.002970 0.004154 0.000000

rectification
1.000000 0.000000 0.000000
0.000000 1.000000 0.000000
0.000000 0.000000 1.000000

projection
-265.921660 0.000000 322.779056 0.000000
0.000000 248.701487 348.233566 0.000000
0.000000 0.000000 1.000000 0.000000
