image_width: 1920
image_height: 1080
camera_name: gerryphone
camera_matrix:
  rows: 3
  cols: 3
  data: [1949.875162, 0, 976.335246, 0, 1947.978874, 566.3845669999999, 0, 0, 1]
distortion_model: plumb_bob
distortion_coefficients:
  rows: 1
  cols: 5
  data: [0.046214, 0.008855, 0.003838, 0.009844, 0]
rectification_matrix:
  rows: 3
  cols: 3
  data: [1, 0, 0, 0, 1, 0, 0, 0, 1]
projection_matrix:
  rows: 3
  cols: 4
  data: [1980.761353, 0, 990.335517, 0, 0, 1993.383911, 569.436461, 0, 0, 0, 1, 0]