# oST version 5.0 parameters


[image]

width
640

height
480

[narrow_stereo]

camera matrix
652.402461 0.000000 328.500637
0.000000 868.785768 254.471211
0.000000 0.000000 1.000000

distortion
0.035941 0.076939 0.005766 0.012216 0.000000

rectification
1.000000 0.000000 0.000000
0.000000 1.000000 0.000000
0.000000 0.000000 1.000000

projection
664.700562 0.000000 333.984218 0.000000
0.000000 892.425903 256.414912 0.000000
0.000000 0.000000 1.000000 0.000000
