# oST version 5.0 parameters


[image]

width
1920

height
1080

[gerryphone]

camera matrix
1949.875162 0.000000 976.335246
0.000000 1947.978874 566.384567
0.000000 0.000000 1.000000

distortion
0.046214 0.008855 0.003838 0.009844 0.000000

rectification
1.000000 0.000000 0.000000
0.000000 1.000000 0.000000
0.000000 0.000000 1.000000

projection
1980.761353 0.000000 990.335517 0.000000
0.000000 1993.383911 569.436461 0.000000
0.000000 0.000000 1.000000 0.000000

